 $0.00 $1.26 $23.09 0 0 0 0 0 15 0 0 0 0 0 0
 $0.00 $3.73 $50.18 0 0 0 0 0 44 0 0 0 0 0 0
 $0.00 $8.39 $108.29 0 0 0 0 0 99 0 0 0 0 0 0
 $0.00 $10.01 $139.82 0 0 0 0 0 118 0 0 0 0 0 0
 $0.00 $10.00 $139.00 0 0 0 0 0 118 0 0 0 0 0 0
 $0.00 $9.90 $155.20 0 0 0 0 0 130 0 0 0 0 0 0
 $0.00 $8.54 $166.95 0 0 0 0 0 137 0 0 0 0 0 0
 $0.00 $4.81 $92.18 0 0 0 0 0 77 0 0 0 0 0 0
 $0.00 $0.93 $22.73 0 0 0 0 0 15 0 0 0 0 0 0
 $0.00 $0.26 $12.91 0 0 0 0 0 4 0 0 0 0 0 0
 $0.00 $0.25 $11.78 0 0 0 0 0 4 0 0 0 0 0 0
 $0.00 $0.44 $15.68 0 0 0 0 0 7 0 0 0 0 0 0
 $0.00 $0.80 $20.37 0 0 0 0 0 13 0 0 0 0 0 0
 $0.00 $3.18 $56.99 0 0 0 0 0 51 0 0 0 0 0 0
 $0.00 $3.93 $72.32 0 0 0 0 0 63 0 0 0 0 0 0
 $0.00 $6.05 $118.25 0 0 0 0 0 97 0 0 0 0 0 0
 $0.00 $5.67 $110.65 0 0 0 0 0 91 0 0 0 0 0 0
 $0.00 $4.66 $83.20 0 0 0 0 0 69 0 0 0 0 0 0
 $0.00 $7.11 $103.18 0 0 0 0 0 93 0 0 0 0 0 0
 $0.00 $2.83 $43.40 0 0 0 0 0 37 0 0 0 0 0 0
 $0.00 $1.99 $30.44 0 0 0 0 0 26 0 0 0 0 0 0
 $0.00 $0.38 $13.00 0 0 0 0 0 5 0 0 0 0 0 0
 $0.00 $2.22 $33.31 0 0 0 0 0 29 0 0 0 0 0 0
 $0.00 $0.30 $11.59 0 0 0 0 0 4 0 0 0 0 0 0
 $0.00 $1.38 $24.42 0 0 0 0 0 18 0 0 0 0 0 0
 $0.00 $2.29 $34.44 0 0 0 0 0 30 0 0 0 0 0 0
 $0.00 $4.51 $63.03 0 0 0 0 0 59 0 0 0 0 0 0
 $0.00 $8.03 $122.20 0 0 0 0 0 105 0 0 0 0 0 0
 $0.00 $8.72 $124.07 0 0 0 0 0 114 0 0 0 0 0 0
 $0.00 $7.50 $120.57 0 0 0 0 0 108 0 0 0 0 0 0
 $0.00 $5.97 $114.73 0 0 0 0 0 102 0 0 0 0 0 0
 $0.00 $3.12 $62.91 0 0 0 0 0 53 0 0 0 0 0 0
 $0.00 $1.05 $31.51 0 0 0 0 0 18 0 0 0 0 0 0
 $0.00 $0.88 $27.96 0 0 0 0 0 15 0 0 0 0 0 0
 $0.00 $0.71 $25.50 0 0 0 0 0 12 0 0 0 0 0 0
 $0.00 $1.36 $35.08 0 0 0 0 0 23 0 0 0 0 0 0
 $0.00 $2.06 $44.43 0 0 0 0 0 35 0 0 0 0 0 0
 $0.00 $3.45 $63.63 0 0 0 0 0 59 0 0 0 0 0 0
 $0.00 $10.74 $176.06 0 0 0 0 0 183 0 0 0 0 0 0
 $0.00 $9.51 $167.47 0 0 0 0 0 162 0 0 0 0 0 0
 $0.00 $12.67 $207.84 0 0 0 0 0 216 0 0 0 0 0 0
 $0.00 $18.13 $316.36 0 0 0 0 0 342 0 0 0 0 0 0
 $0.00 $9.94 $211.29 0 0 0 0 0 230 0 0 0 0 0 0
 $0.00 $4.90 $105.82 0 0 0 0 0 113 0 0 0 0 0 0
 $0.00 $3.39 $73.47 0 0 0 0 0 79 0 0 0 0 0 0
 $0.00 $1.39 $38.39 0 0 0 0 0 32 0 0 0 0 0 0
 $0.00 $0.73 $27.91 0 0 0 0 0 17 0 0 0 0 0 0
 $0.00 $1.41 $41.37 0 0 0 0 0 33 0 0 0 0 0 0
 $0.00 $2.17 $53.09 0 0 0 0 0 50 0 0 0 0 0 0
 $0.00 $4.89 $99.77 0 0 0 0 0 113 0 0 0 0 0 0
 $0.00 $8.58 $172.73 0 0 0 0 0 199 0 0 0 0 0 0
 $0.00 $14.43 $315.58 0 0 0 0 0 334 0 0 0 0 0 0
 $0.00 $20.94 $449.54 0 0 0 0 0 485 0 0 0 0 0 0
 $0.00 $19.66 $415.19 0 0 0 0 0 459 0 0 0 0 0 0
 $0.00 $16.34 $342.25 0 0 0 0 0 386 0 0 0 0 0 0
 $0.00 $11.80 $244.02 0 0 0 0 0 279 0 0 0 0 0 0
 $4,719.91 $93.75 $9,500.96 6,572 3,095 17,877 4,082 31,626 0 332 95 86 95 92 90
 $4,492.98 $94.87 $9,331.11 6,823 0 17,663 8,725 33,210 0 326 102 90 0 102 96
 $5,031.93 $105.14 $10,394.18 7,072 0 20,529 9,726 37,326 0 335 111 97 0 111 97
 $5,814.89 $116.34 $11,747.95 7,599 0 28,199 6,169 41,967 0 305 138 82 0 138 120
 $6,151.41 $110.58 $11,790.93 7,800 0 34,967 0 42,767 0 336 127 81 0 127 0
 $5,898.33 $115.31 $11,779.29 8,157 0 35,291 0 43,449 0 330 132 77 0 132 0
 $5,318.07 $120.99 $11,488.53 7,607 0 34,354 0 41,961 0 306 137 79 0 137 0
 $4,800.50 $144.82 $12,186.30 7,715 0 32,271 0 39,986 0 0 0 0 0 0 0
 $4,867.89 $144.94 $12,260.13 8,070 2,967 27,129 0 38,166 0 0 0 0 0 0 0
 $6,022.14 $177.13 $15,055.84 9,178 8,034 26,798 0 44,010 0 0 0 0 0 0 0
 $5,041.46 $149.01 $12,640.94 7,408 6,712 22,890 0 37,011 0 0 0 0 0 0 0
 $4,964.74 $147.08 $12,465.58 7,151 6,709 22,657 0 36,517 0 0 0 0 0 0 0
 $4,265.67 $128.12 $10,799.66 6,640 3,282 19,125 4,659 33,706 0 0 0 0 0 0 0
 $3,784.26 $115.88 $9,693.93 5,868 0 17,396 9,368 32,632 0 0 0 0 0 0 0
 $4,274.15 $130.79 $10,944.53 6,595 0 19,837 10,404 36,836 0 0 0 0 0 0 0
 $3,524.36 $141.85 $10,758.68 6,127 0 24,716 6,284 37,127 0 0 0 0 0 0 0
 $2,176.46 $159.91 $10,332.10 5,912 0 32,191 0 38,103 0 0 0 0 0 0 0
 $2,061.94 $145.81 $9,498.15 5,562 0 30,548 0 36,110 0 0 0 0 0 0 0
 $1,684.36 $111.68 $7,379.91 4,985 0 24,381 0 29,366 0 0 0 0 0 0 0
 $1,646.45 $121.98 $7,206.86 4,811 0 23,913 0 28,723 0 0 0 0 0 0 0
 $1,869.33 $129.04 $7,776.72 5,543 2,081 21,655 0 29,280 0 0 0 0 0 0 0
 $1,878.66 $118.52 $7,337.83 5,043 4,633 15,790 0 25,467 0 0 0 0 0 0 0
 $1,030.12 $64.94 $4,020.88 2,791 2,493 8,666 0 13,950 0 0 0 0 0 0 0
 $0.00 $66.17 $3,374.78 3,218 826 8,453 1,477 13,974 0 131 107 53 48 107 93
 $2,262.17 $141.07 $6,938.50 3,601 0 8,976 4,495 17,072 0 108 158 62 0 158 98
 $3,072.83 $177.59 $8,712.09 4,959 0 12,604 5,436 22,999 0 126 182 144 0 182 154
 $3,647.44 $196.31 $9,611.13 6,001 0 16,415 4,295 26,711 0 136 197 98 0 197 174
 $3,880.39 $192.65 $9,415.56 6,099 0 21,205 0 27,304 0 153 178 94 0 178 0
 $3,601.46 $187.43 $9,163.04 6,841 0 19,572 0 26,413 0 144 184 93 0 184 0
 $3,368.75 $187.53 $9,165.04 6,846 0 19,757 0 26,603 0 143 186 101 0 186 0
 $2,653.53 $157.06 $7,695.75 5,352 0 15,615 0 20,967 0 125 168 78 0 168 0
 $1,994.11 $109.82 $5,380.13 4,121 624 9,972 0 14,717 0 142 104 64 59 104 0
 $2,296.44 $129.74 $6,374.08 3,606 2,247 10,299 0 16,152 0 119 136 109 114 136 0
 $709.63 $61.84 $3,059.37 -599 851 6,064 0 6,316 0 79 80 13 75 80 0
 $385.66 $59.20 $2,960.37 -987 563 4,357 0 3,933 0 38 104 13 90 104 0
 $1,074.19 $73.64 $3,617.58 317 714 6,759 1,423 9,213 0 99 93 22 74 86 93
 $1,559.30 $118.13 $5,819.77 761 0 9,998 2,858 13,617 0 81 168 24 0 168 106
 $1,869.68 $130.93 $6,429.39 888 0 11,535 4,119 16,542 0 97 171 29 0 171 115
 $1,909.98 $146.67 $7,184.75 1,932 0 14,964 2,790 19,686 0 104 190 30 0 190 123
 $1,956.93 $208.38 $10,113.82 3,533 0 30,706 0 34,239 0 149 230 50 0 230 0
 $2,038.62 $205.28 $9,946.43 4,883 0 29,996 0 34,879 0 144 243 59 0 243 0
 $2,262.48 $208.27 $10,039.48 5,229 0 33,605 0 38,834 0 160 242 69 0 242 0
 $1,367.44 $154.00 $7,497.11 2,644 0 21,166 0 23,810 0 104 229 54 0 229 0
 $1,507.81 $145.73 $7,064.65 2,580 1,807 20,125 0 24,512 0 135 182 67 157 182 0
 $1,535.75 $141.82 $6,898.60 2,349 4,316 15,629 0 22,294 0 142 157 66 157 149 0
 $1,211.30 $108.51 $5,271.33 1,883 3,456 12,160 0 17,499 0 143 122 48 109 122 0
 $805.24 $82.52 $4,017.70 679 2,129 9,940 0 12,748 0 136 94 34 94 86 0
 $1,079.64 $116.49 $5,674.70 1,559 2,106 12,841 1,275 17,781 0 113 158 61 158 144 83
 $760.18 $115.21 $5,636.07 1,118 0 11,110 3,778 16,006 0 79 202 32 0 202 112
 $879.48 $126.49 $6,195.24 1,347 0 13,480 2,191 17,018 0 76 224 43 0 224 86
 $1,114.55 $138.40 $6,747.63 2,419 0 15,777 2,521 20,717 0 92 226 40 0 226 130
 $1,580.11 $161.60 $7,845.13 3,236 0 23,210 0 26,446 0 111 238 67 0 238 0
 $1,887.31 $168.59 $8,165.08 3,491 0 25,374 0 28,865 0 123 235 51 0 235 0
 $2,183.24 $172.38 $8,343.47 3,582 0 26,299 0 29,881 0 128 234 51 0 234 0
 $1,780.45 $147.46 $7,160.55 3,675 0 20,321 0 23,996 0 111 216 82 0 216 0
 $2,989.71 $178.76 $8,583.21 8,300 2,509 24,742 0 35,551 0 256 139 138 139 134 0
 $2,010.78 $136.76 $6,644.76 4,207 4,115 13,667 0 21,989 0 150 147 90 123 147 0
 $1,563.12 $110.69 $5,383.75 2,912 3,530 10,975 0 17,417 0 111 157 80 157 141 0
 $579.76 $48.48 $2,372.62 1,013 1,108 4,520 0 6,641 0 109 61 29 54 61 0
 $246.79 $23.67 $1,182.21 1,063 183 1,828 -1,454 1,620 0 43 38 38 32 34 18
 $102.05 $17.67 $901.34 363 0 2,922 -3,981 -696 0 0 74 32 0 74 43
 $1,158.42 $110.85 $5,419.26 1,431 0 12,955 1,205 15,591 0 76 206 38 0 206 85
 $564.17 $46.11 $2,232.29 870 0 5,547 1,552 7,969 0 37 216 37 0 216 102
 $0.00 $174.07 $25,404.43 31,892 20,673 102,401 9,247 164,213 0 355 462 344 424 462 436
 $21,190.67 $242.80 $43,577.60 33,833 0 99,979 44,717 178,529 0 343 520 365 0 520 507
 $22,152.66 $252.83 $47,415.99 34,416 0 108,407 43,080 185,903 0 304 611 424 0 611 574
 $20,939.15 $277.34 $47,520.86 38,602 0 122,044 43,279 203,925 0 317 644 455 0 644 613
 $24,690.82 $290.12 $49,781.68 44,447 0 168,874 0 213,321 0 336 635 455 0 635 0
 $22,309.50 $260.37 $45,374.93 44,635 0 151,283 0 195,918 0 327 599 510 0 599 0
 $21,675.76 $254.02 $47,578.08 48,068 0 161,865 0 209,933 0 341 616 513 0 616 0
 $19,897.71 $232.47 $44,318.65 44,229 0 147,890 0 192,119 0 330 583 493 0 583 0
 $20,657.71 $220.21 $45,110.95 42,212 6,488 133,291 0 181,991 0 320 569 463 569 541 0
 $37,917.86 $249.39 $81,883.42 45,140 36,445 124,518 0 206,103 0 222 927 737 804 927 0
 $23,095.87 $166.71 $52,664.19 27,092 24,417 86,273 0 137,782 0 239 576 379 554 576 0
 $10,474.77 $64.12 $29,391.53 6,892 3,211 42,881 0 52,984 0 125 425 248 244 425 0
 $11,161.29 $69.82 $30,049.40 10,657 4,824 43,880 -1,774 57,587 0 132 435 334 397 435 370
 $6,541.08 $68.56 $20,935.92 9,871 0 53,888 -7,565 56,194 0 129 434 311 0 434 392
 $8,694.98 $92.80 $25,671.67 17,127 0 65,970 -7,031 76,066 0 153 498 359 0 498 445
 $11,080.82 $134.29 $28,720.76 30,341 0 78,480 6,638 115,459 0 260 444 406 0 444 407
 $7,292.99 $106.83 $32,427.63 39,325 0 101,251 0 140,576 0 264 533 414 0 533 0
 $7,968.77 $121.09 $32,394.32 38,184 0 121,160 0 159,344 0 300 531 411 0 531 0
 $7,838.07 $119.80 $30,181.63 36,959 0 120,672 0 157,631 0 334 472 395 0 472 0
 $7,568.93 $115.70 $29,563.99 35,840 0 116,409 0 152,249 0 326 467 378 0 467 0
 $5,714.05 $89.52 $24,794.20 25,325 0 92,466 0 117,791 0 209 563 341 0 563 0
 $2,463.63 $25.20 $8,082.11 6,176 4,882 22,136 0 33,194 0 60 552 348 498 552 0
 $11,424.97 $82.36 $36,274.92 23,554 17,291 67,516 0 108,361 0 231 470 332 470 447 0
 $8,333.97 $46.75 $26,824.43 12,397 6,649 42,474 0 61,520 0 147 418 319 308 418 0
 $1,643.98 -$9.19 $8,911.97 -5,560 -11,149 -3,278 0 -19,987 0 0 218 178 173 218 0
 $3,798.14 $19.54 $16,597.22 2,656 -1,763 25,205 -388 25,710 0 77 336 190 296 336 228
 $1,643.96 $7.80 $10,412.90 815 0 33,524 -24,075 10,264 0 32 318 181 0 318 175
 $1,724.55 -$1.79 $9,841.57 3,157 0 27,730 -34,768 -3,881 0 0 328 266 0 328 297
 $0.00 $17.99 $10,151.32 0 6,710 32,111 0 38,821 0 140 277 0 255 277 0
 $1,545.88 $36.34 $11,317.52 0 11,265 34,742 0 46,007 0 168 274 0 252 274 0
 $2,164.91 $49.14 $12,227.07 0 14,456 46,127 0 60,583 0 239 254 0 237 254 0
 $2,815.48 $55.08 $12,698.20 0 17,803 43,401 0 61,204 0 237 258 0 251 258 0
 $3,716.96 $57.61 $14,957.81 746 21,165 42,129 0 64,040 0 210 305 236 305 230 0
 $0.00 $22.72 $9,908.83 -6,307 11,355 32,831 0 37,879 0 157 242 168 242 188 0
 $4,445.37 -$4,433.01 $10,701.39 -11,582 8,073 24,107 0 20,598 0 68 301 233 301 246 0
 $4,287.39 -$4,286.19 $11,028.54 -22,570 319 24,258 0 2,007 0 5 437 330 343 437 0
 -$3,423.41 $3,398.87 $2,361.59 -37,788 -12,268 9,160 0 -40,896 0 0 158 52 131 158 0
 -$3,698.47 $3,675.66 $3,648.73 -36,146 -12,338 10,465 0 -38,019 0 0 238 17 133 238 0
 -$2,028.97 $2,010.01 $4,657.37 -26,939 -15,578 11,221 0 -31,296 0 0 246 86 137 246 0
 -$1,171.66 $1,163.94 $6,351.55 0 -36,764 24,886 0 -11,878 0 0 299 0 148 299 0
 $0.00 $66.74 $16,499.75 0 38,503 64,182 0 102,685 0 197 520 0 520 447 0
 $7,071.93 $125.69 $24,698.02 0 59,626 72,679 0 132,305 0 269 491 0 491 430 0
 $8,447.02 $150.76 $27,104.66 0 69,351 89,351 0 158,702 0 305 520 0 520 478 0
 $9,761.95 $172.14 $29,402.52 0 86,308 94,890 0 181,198 0 368 492 0 492 466 0
 $12,465.66 $175.77 $33,283.93 9,703 80,154 95,164 0 185,021 0 350 529 529 480 450 0
 $24,909.61 $188.80 $52,482.47 50,480 58,978 89,647 0 199,105 0 302 659 659 632 544 0
 $30,461.72 $225.58 $66,210.92 62,392 67,969 109,622 0 239,983 0 285 841 841 689 492 0
 $20,017.55 $139.88 $46,114.02 24,123 40,101 84,589 0 148,813 0 229 651 651 592 501 0
 $9,388.61 $88.56 $24,555.63 811 25,882 67,512 0 94,205 0 237 397 265 397 360 0
 $0.00 $59.54 $18,617.67 1,958 26,779 64,299 0 93,036 0 186 499 451 491 499 0
 $0.00 $80.65 $18,829.28 11,771 36,811 77,707 0 126,289 0 265 476 476 417 411 0
 $0.00 $72.90 $14,351.82 0 44,433 71,281 0 115,714 0 255 454 0 454 423 0
 $0.00 $97.10 $17,346.69 0 68,707 86,108 0 154,815 0 294 526 0 526 472 0
 $0.00 $122.39 $19,426.29 0 84,996 115,643 0 200,639 0 360 557 0 557 520 0
 $0.00 $118.81 $18,104.09 0 78,668 116,102 0 194,770 0 358 544 0 544 509 0
 $10,736.88 $184.65 $30,801.90 0 97,131 108,027 0 205,158 0 370 554 0 554 512 0
 $14,219.49 $207.43 $36,770.68 10,939 95,631 123,900 0 230,470 0 393 587 513 587 492 0
 $0.00 $551.13 $5,507.59 0 0 0 0 0 6,496 0 0 0 0 0 0
 $0.00 $764.85 $7,111.94 0 0 0 0 0 9,015 0 0 0 0 0 0
 $0.00 $1,663.37 $14,637.42 0 0 0 0 0 19,606 0 0 0 0 0 0
 $0.00 $2,111.25 $19,818.98 0 0 0 0 0 24,885 0 0 0 0 0 0
 $0.00 $1,846.80 $17,528.44 0 0 0 0 0 21,768 0 0 0 0 0 0
 $0.00 $1,975.81 $21,223.97 0 0 0 0 0 26,476 0 0 0 0 0 0
 $0.00 $1,488.46 $19,547.17 0 0 0 0 0 23,865 0 0 0 0 0 0
 $0.00 $1,074.26 $13,710.01 0 0 0 0 0 17,224 0 0 0 0 0 0
 $0.00 $410.77 $5,703.64 0 0 0 0 0 6,586 0 0 0 0 0 0
 $0.00 $268.38 $4,239.47 0 0 0 0 0 4,303 0 0 0 0 0 0
 $0.00 $204.87 $3,285.48 0 0 0 0 0 3,285 0 0 0 0 0 0
 $0.00 $289.65 $4,511.91 0 0 0 0 0 4,644 0 0 0 0 0 0
 $0.00 $320.21 $4,618.40 0 0 0 0 0 5,134 0 0 0 0 0 0
 $0.00 $673.92 $8,131.48 0 0 0 0 0 10,805 0 0 0 0 0 0
 $0.00 $829.03 $10,343.59 0 0 0 0 0 13,292 0 0 0 0 0 0
 $0.00 $1,070.57 $14,117.53 0 0 0 0 0 17,165 0 0 0 0 0 0
 $0.00 $1,103.02 $14,491.99 0 0 0 0 0 17,685 0 0 0 0 0 0
 $0.00 $1,144.94 $13,131.15 0 0 0 0 0 16,705 0 0 0 0 0 0
 $0.00 $1,087.02 $10,683.85 0 0 0 0 0 14,215 0 0 0 0 0 0
 $0.00 $737.78 $7,301.49 0 0 0 0 0 9,648 0 0 0 0 0 0
 $0.00 $600.90 $5,675.87 0 0 0 0 0 7,858 0 0 0 0 0 0
 $0.00 $372.86 $4,028.44 0 0 0 0 0 4,876 0 0 0 0 0 0
 $0.00 $221.85 $2,586.36 0 0 0 0 0 2,901 0 0 0 0 0 0
 $0.00 $253.57 $2,951.41 0 0 0 0 0 3,316 0 0 0 0 0 0
 $0.00 $471.90 $4,771.06 0 0 0 0 0 6,171 0 0 0 0 0 0
 $0.00 $597.98 $5,724.71 0 0 0 0 0 7,820 0 0 0 0 0 0
 $0.00 $865.27 $8,126.26 0 0 0 0 0 11,315 0 0 0 0 0 0
 $0.00 $995.57 $9,752.23 0 0 0 0 0 13,019 0 0 0 0 0 0
 $0.00 $1,266.26 $11,468.86 0 0 0 0 0 16,559 0 0 0 0 0 0
 $0.00 $1,005.84 $10,197.02 0 0 0 0 0 14,600 0 0 0 0 0 0
 $0.00 $815.43 $9,666.95 0 0 0 0 0 13,913 0 0 0 0 0 0
 $0.00 $589.39 $6,998.71 0 0 0 0 0 10,056 0 0 0 0 0 0
 $0.00 $201.95 $2,910.46 0 0 0 0 0 3,446 0 0 0 0 0 0
 $0.00 $112.59 $1,644.69 0 0 0 0 0 1,921 0 0 0 0 0 0
 $0.00 $39.97 $629.79 0 0 0 0 0 682 0 0 0 0 0 0
 $0.00 $53.63 $815.02 0 0 0 0 0 915 0 0 0 0 0 0
 $0.00 $19.28 $335.11 0 0 0 0 0 329 0 0 0 0 0 0
 $0.00 $25.44 $419.34 0 0 0 0 0 434 0 0 0 0 0 0
 $0.00 $67.28 $1,073.64 0 0 0 0 0 1,148 0 0 0 0 0 0
 $0.00 $752.74 $8,801.96 0 0 0 0 0 12,843 0 0 0 0 0 0
 $0.00 $1,228.88 $12,839.86 0 0 0 0 0 20,967 0 0 0 0 0 0
 $0.00 $1,064.27 $12,291.82 0 0 0 0 0 20,495 0 0 0 0 0 0
 $0.00 $862.63 $11,650.86 0 0 0 0 0 19,973 0 0 0 0 0 0
 $0.00 $417.60 $6,014.11 0 0 0 0 0 9,669 0 0 0 0 0 0
 $0.00 $400.72 $5,276.26 0 0 0 0 0 9,278 0 0 0 0 0 0
 $0.00 $233.53 $3,509.64 0 0 0 0 0 5,407 0 0 0 0 0 0
 $0.00 $211.65 $3,368.36 0 0 0 0 0 4,900 0 0 0 0 0 0
 $0.00 $272.49 $4,143.37 0 0 0 0 0 6,309 0 0 0 0 0 0
 $0.00 $335.80 $4,830.81 0 0 0 0 0 7,775 0 0 0 0 0 0
 $0.00 $533.40 $6,978.27 0 0 0 0 0 12,350 0 0 0 0 0 0
 $0.00 $647.82 $8,647.59 0 0 0 0 0 14,999 0 0 0 0 0 0
 $0.00 $993.40 $13,662.45 0 0 0 0 0 23,001 0 0 0 0 0 0
 $0.00 $1,291.95 $17,364.23 0 0 0 0 0 29,913 0 0 0 0 0 0
 $0.00 $1,054.18 $14,271.15 0 0 0 0 0 24,623 0 0 0 0 0 0
 $0.00 $1,006.55 $13,501.25 0 0 0 0 0 23,784 0 0 0 0 0 0
 $0.00 $445.66 $6,282.98 0 0 0 0 0 10,531 0 0 0 0 0 0
 $0.00 $0.00 $8.65 0 0 0 0 0 0 0 0 0 0 0 0
 $0.00 $0.00 $7.84 0 0 0 0 0 0 0 0 0 0 0 0
 $0.00 $0.00 $8.11 0 0 0 0 0 0 0 0 0 0 0 0
 $0.00 $0.00 $8.38 0 0 0 0 0 0 0 0 0 0 0 0
 $0.00 $0.00 $8.11 0 0 0 0 0 0 0 0 0 0 0 0
 $0.00 $0.00 $8.92 0 0 0 0 0 0 0 0 0 0 0 0
 $0.00 $0.00 $8.11 0 0 0 0 0 0 0 0 0 0 0 0
 $0.00 $0.00 $7.84 0 0 0 0 0 0 0 0 0 0 0 0
 $0.00 $0.00 $7.84 0 0 0 0 0 0 0 0 0 0 0 0
 $0.00 $0.00 $8.65 0 0 0 0 0 0 0 0 0 0 0 0
 $0.00 $0.00 $8.11 0 0 0 0 0 0 0 0 0 0 0 0
 $0.00 $0.00 $8.65 0 0 0 0 0 0 0 0 0 0 0 0
 $0.00 $0.00 $8.11 0 0 0 0 0 0 0 0 0 0 0 0
 $0.00 $0.00 $7.84 0 0 0 0 0 0 0 0 0 0 0 0
 $0.00 $0.00 $8.65 0 0 0 0 0 0 0 0 0 0 0 0
 $0.00 $0.00 $7.84 0 0 0 0 0 0 0 0 0 0 0 0
 $0.00 $0.00 $8.11 0 0 0 0 0 0 0 0 0 0 0 0
 $0.00 $0.00 $8.65 0 0 0 0 0 0 0 0 0 0 0 0
 $0.00 $0.00 $8.11 0 0 0 0 0 0 0 0 0 0 0 0
 $0.00 $0.00 $7.84 0 0 0 0 0 0 0 0 0 0 0 0
 $0.00 $0.00 $7.84 0 0 0 0 0 0 0 0 0 0 0 0
 $0.00 $0.00 $8.65 0 0 0 0 0 0 0 0 0 0 0 0
 $0.00 $0.00 $8.11 0 0 0 0 0 0 0 0 0 0 0 0
 $0.00 $0.00 $8.65 0 0 0 0 0 0 0 0 0 0 0 0
 $0.00 $0.00 $8.11 0 0 0 0 0 0 0 0 0 0 0 0
 $0.00 $0.00 $7.84 0 0 0 0 0 0 0 0 0 0 0 0
 $0.00 $0.00 $8.65 0 0 0 0 0 0 0 0 0 0 0 0
 $0.00 $0.00 $7.84 0 0 0 0 0 0 0 0 0 0 0 0
 $0.00 $0.00 $8.11 0 0 0 0 0 0 0 0 0 0 0 0
 $0.00 $0.00 $8.92 0 0 0 0 0 0 0 0 0 0 0 0
 $0.00 $0.00 $7.57 0 0 0 0 0 0 0 0 0 0 0 0
 $0.00 $0.00 $8.38 0 0 0 0 0 0 0 0 0 0 0 0
 $0.00 $0.00 $8.65 0 0 0 0 0 0 0 0 0 0 0 0
 $0.00 $0.00 $8.11 0 0 0 0 0 0 0 0 0 0 0 0
 $0.00 $0.00 $8.65 0 0 0 0 0 0 0 0 0 0 0 0
 $0.00 $0.00 $8.92 0 0 0 0 0 0 0 0 0 0 0 0
 $0.00 $0.00 $6.76 0 0 0 0 0 0 0 0 0 0 0 0
 $0.00 $0.00 $8.38 0 0 0 0 0 0 0 0 0 0 0 0
 $0.00 $0.00 $8.65 0 0 0 0 0 0 0 0 0 0 0 0
 $0.00 $0.00 $7.84 0 0 0 0 0 0 0 0 0 0 0 0
 $0.00 $0.00 $7.84 0 0 0 0 0 0 0 0 0 0 0 0
 $0.00 $0.00 $9.73 0 0 0 0 0 0 0 0 0 0 0 0
 $0.00 $0.00 $7.30 0 0 0 0 0 0 0 0 0 0 0 0
 $0.00 $0.00 $8.38 0 0 0 0 0 0 0 0 0 0 0 0
 $0.00 $0.00 $7.84 0 0 0 0 0 0 0 0 0 0 0 0
 $0.00 $0.00 $8.11 0 0 0 0 0 0 0 0 0 0 0 0
 $0.00 $0.00 $8.65 0 0 0 0 0 0 0 0 0 0 0 0
 $0.00 $0.00 $8.11 0 0 0 0 0 0 0 0 0 0 0 0
 $0.00 $0.00 $7.84 0 0 0 0 0 0 0 0 0 0 0 0
 $0.00 $0.00 $8.65 0 0 0 0 0 0 0 0 0 0 0 0
 $0.00 $0.00 $8.11 0 0 0 0 0 0 0 0 0 0 0 0
 $0.00 $0.04 $8.70 0 0 0 0 0 1 0 0 0 0 0 0
 $0.00 $0.00 $8.65 0 0 0 0 0 0 0 0 0 0 0 0
 $0.00 $0.00 $8.11 0 0 0 0 0 0 0 0 0 0 0 0
 $0.00 $0.00 $7.84 0 0 0 0 0 0 0 0 0 0 0 0
 $0.00 $0.00 $8.92 0 0 0 0 0 0 0 0 0 0 0 0
 $0.00 $4.93 $85.42 0 0 0 0 0 58 0 0 0 0 0 0
 $0.00 $14.10 $187.45 0 0 0 0 0 166 0 0 0 0 0 0
 $0.00 $35.39 $438.24 0 0 0 0 0 417 0 0 0 0 0 0
 $0.00 $59.91 $814.35 0 0 0 0 0 706 0 0 0 0 0 0
 $0.00 $66.59 $901.17 0 0 0 0 0 785 0 0 0 0 0 0
 $0.00 $46.76 $692.74 0 0 0 0 0 589 0 0 0 0 0 0
 $0.00 $39.60 $763.56 0 0 0 0 0 635 0 0 0 0 0 0
 $0.00 $25.46 $486.05 0 0 0 0 0 408 0 0 0 0 0 0
 $0.00 $5.05 $108.14 0 0 0 0 0 81 0 0 0 0 0 0
 $0.00 $2.25 $66.32 0 0 0 0 0 36 0 0 0 0 0 0
 $0.00 $1.31 $50.34 0 0 0 0 0 21 0 0 0 0 0 0
 $0.00 $1.18 $47.92 0 0 0 0 0 19 0 0 0 0 0 0
 $0.00 $2.50 $68.16 0 0 0 0 0 40 0 0 0 0 0 0
 $0.00 $11.92 $210.87 0 0 0 0 0 191 0 0 0 0 0 0
 $0.00 $15.65 $280.33 0 0 0 0 0 251 0 0 0 0 0 0
 $0.00 $23.33 $450.21 0 0 0 0 0 374 0 0 0 0 0 0
 $0.00 $28.76 $549.46 0 0 0 0 0 461 0 0 0 0 0 0
 $0.00 $35.08 $622.78 0 0 0 0 0 536 0 0 0 0 0 0
 $0.00 $41.75 $583.58 0 0 0 0 0 546 0 0 0 0 0 0
 $0.00 $19.35 $267.83 0 0 0 0 0 253 0 0 0 0 0 0
 $0.00 $0.54 $22.76 0 0 0 0 0 7 0 0 0 0 0 0
 $0.00 $1.77 $36.69 0 0 0 0 0 23 0 0 0 0 0 0
 $0.00 $0.08 $16.50 0 0 0 0 0 1 0 0 0 0 0 0
 $0.00 $0.15 $18.41 0 0 0 0 0 2 0 0 0 0 0 0
 $0.00 $3.67 $57.51 0 0 0 0 0 48 0 0 0 0 0 0
 $0.00 $12.23 $156.98 0 0 0 0 0 160 0 0 0 0 0 0
 $0.00 $13.93 $182.26 0 0 0 0 0 182 0 0 0 0 0 0
 $0.00 $30.51 $424.31 0 0 0 0 0 399 0 0 0 0 0 0
 $0.00 $31.59 $421.49 0 0 0 0 0 413 0 0 0 0 0 0
 $0.00 $27.47 $392.27 0 0 0 0 0 378 0 0 0 0 0 0
 $0.00 $24.90 $439.40 0 0 0 0 0 425 0 0 0 0 0 0
 $0.00 $15.42 $275.52 0 0 0 0 0 263 0 0 0 0 0 0
 $0.00 $9.85 $169.23 0 0 0 0 0 168 0 0 0 0 0 0
 $0.00 $1.29 $46.74 0 0 0 0 0 22 0 0 0 0 0 0
 $0.00 $0.11 $32.18 0 0 0 0 0 2 0 0 0 0 0 0
 $0.00 $1.89 $54.03 0 0 0 0 0 32 0 0 0 0 0 0
 $0.00 $2.75 $66.35 0 0 0 0 0 47 0 0 0 0 0 0
 $0.00 $9.74 $165.20 0 0 0 0 0 166 0 0 0 0 0 0
 $0.00 $10.66 $184.26 0 0 0 0 0 182 0 0 0 0 0 0
 $0.00 $23.26 $407.05 0 0 0 0 0 397 0 0 0 0 0 0
 $0.00 $30.65 $494.02 0 0 0 0 0 523 0 0 0 0 0 0
 $0.00 $20.57 $353.85 0 0 0 0 0 366 0 0 0 0 0 0
 $0.00 $19.00 $402.88 0 0 0 0 0 440 0 0 0 0 0 0
 $0.00 $12.14 $261.73 0 0 0 0 0 281 0 0 0 0 0 0
 $0.00 $6.66 $140.10 0 0 0 0 0 154 0 0 0 0 0 0
 $0.00 $0.96 $44.29 0 0 0 0 0 22 0 0 0 0 0 0
 $0.00 $1.43 $54.21 0 0 0 0 0 33 0 0 0 0 0 0
 $0.00 $1.47 $54.12 0 0 0 0 0 34 0 0 0 0 0 0
 $0.00 $2.02 $62.88 0 0 0 0 0 47 0 0 0 0 0 0
 $0.00 $7.54 $161.62 0 0 0 0 0 175 0 0 0 0 0 0
 $0.00 $7.29 $157.78 0 0 0 0 0 169 0 0 0 0 0 0
 $0.00 $17.08 $368.18 0 0 0 0 0 395 0 0 0 0 0 0
 $0.00 $23.93 $508.08 0 0 0 0 0 554 0 0 0 0 0 0
 $0.00 $14.69 $306.75 0 0 0 0 0 341 0 0 0 0 0 0
 $0.00 $17.35 $348.21 0 0 0 0 0 410 0 0 0 0 0 0
 $0.00 $12.69 $254.75 0 0 0 0 0 300 0 0 0 0 0 0
 $0.00 $618.67 $4,628.75 0 0 0 0 0 4,787 0 0 0 0 0 0
 $0.00 $776.70 $5,551.60 0 0 0 0 0 6,172 0 0 0 0 0 0
 $0.00 $1,514.81 $10,132.96 0 0 0 0 0 12,471 0 0 0 0 0 0
 $0.00 $1,913.87 $13,441.58 0 0 0 0 0 15,357 0 0 0 0 0 0
 $0.00 $1,643.32 $11,701.71 0 0 0 0 0 13,086 0 0 0 0 0 0
 $0.00 $1,801.19 $13,433.99 0 0 0 0 0 15,182 0 0 0 0 0 0
 $0.00 $1,621.26 $13,956.56 0 0 0 0 0 15,512 0 0 0 0 0 0
 $0.00 $1,479.41 $12,480.05 0 0 0 0 0 14,372 0 0 0 0 0 0
 $0.00 $552.72 $4,979.65 0 0 0 0 0 5,100 0 0 0 0 0 0
 $0.00 $468.90 $4,373.52 0 0 0 0 0 4,200 0 0 0 0 0 0
 $0.00 $176.46 $1,678.15 0 0 0 0 0 1,553 0 0 0 0 0 0
 $0.00 $88.13 $845.99 0 0 0 0 0 769 0 0 0 0 0 0
 $0.00 $105.10 $1,001.82 0 0 0 0 0 923 0 0 0 0 0 0
 $0.00 $648.86 $5,562.57 0 0 0 0 0 6,228 0 0 0 0 0 0
 $0.00 $737.05 $6,361.42 0 0 0 0 0 7,038 0 0 0 0 0 0
 $0.00 $849.17 $7,694.53 0 0 0 0 0 7,798 0 0 0 0 0 0
 $0.00 $1,417.72 $12,128.71 0 0 0 0 0 13,629 0 0 0 0 0 0
 $0.00 $1,117.36 $9,275.60 0 0 0 0 0 10,285 0 0 0 0 0 0
 $0.00 $1,821.70 $12,618.87 0 0 0 0 0 16,339 0 0 0 0 0 0
 $0.00 $1,079.56 $7,712.80 0 0 0 0 0 9,520 0 0 0 0 0 0
 $0.00 $729.77 $5,146.66 0 0 0 0 0 6,482 0 0 0 0 0 0
 $0.00 $345.76 $2,700.77 0 0 0 0 0 2,889 0 0 0 0 0 0
 $0.00 $209.81 $1,658.13 0 0 0 0 0 1,740 0 0 0 0 0 0
 $0.00 $161.23 $1,281.78 0 0 0 0 0 1,332 0 0 0 0 0 0
 $0.00 $303.85 $2,385.28 0 0 0 0 0 2,531 0 0 0 0 0 0
 $0.00 $492.17 $3,851.27 0 0 0 0 0 4,108 0 0 0 0 0 0
 $0.00 $846.67 $6,023.40 0 0 0 0 0 7,484 0 0 0 0 0 0
 $0.00 $1,100.41 $8,047.57 0 0 0 0 0 9,575 0 0 0 0 0 0
 $0.00 $1,001.22 $7,130.11 0 0 0 0 0 8,845 0 0 0 0 0 0
 $0.00 $403.00 $3,459.55 0 0 0 0 0 3,381 0 0 0 0 0 0
 $0.00 $335.98 $3,231.87 0 0 0 0 0 3,114 0 0 0 0 0 0
 $0.00 $246.80 $2,324.64 0 0 0 0 0 2,332 0 0 0 0 0 0
 $0.00 $21.97 $229.79 0 0 0 0 0 187 0 0 0 0 0 0
 $0.00 $70.61 $654.46 0 0 0 0 0 677 0 0 0 0 0 0
 $0.00 $9.67 $123.66 0 0 0 0 0 62 0 0 0 0 0 0
 $0.00 $9.43 $119.15 0 0 0 0 0 62 0 0 0 0 0 0
 $0.00 $49.04 $467.73 0 0 0 0 0 458 0 0 0 0 0 0
 $0.00 $43.46 $415.22 0 0 0 0 0 405 0 0 0 0 0 0
 $0.00 $113.23 $1,045.43 0 0 0 0 0 1,089 0 0 0 0 0 0
 $0.00 $1,015.06 $8,153.00 0 0 0 0 0 10,864 0 0 0 0 0 0
 $0.00 $1,407.71 $10,508.91 0 0 0 0 0 15,788 0 0 0 0 0 0
 $0.00 $1,413.81 $10,878.78 0 0 0 0 0 16,697 0 0 0 0 0 0
 $0.00 $1,109.54 $9,659.13 0 0 0 0 0 15,198 0 0 0 0 0 0
 $0.00 $710.95 $6,360.61 0 0 0 0 0 9,528 0 0 0 0 0 0
 $0.00 $664.95 $5,599.87 0 0 0 0 0 9,340 0 0 0 0 0 0
 $0.00 $293.23 $2,823.99 0 0 0 0 0 3,684 0 0 0 0 0 0
 $0.00 $80.56 $805.42 0 0 0 0 0 976 0 0 0 0 0 0
 $0.00 $113.52 $1,142.18 0 0 0 0 0 1,366 0 0 0 0 0 0
 $0.00 $169.26 $1,687.13 0 0 0 0 0 2,056 0 0 0 0 0 0
 $0.00 $559.64 $4,961.42 0 0 0 0 0 7,556 0 0 0 0 0 0
 $0.00 $689.69 $6,039.19 0 0 0 0 0 9,404 0 0 0 0 0 0
 $0.00 $1,069.97 $9,520.68 0 0 0 0 0 14,403 0 0 0 0 0 0
 $0.00 $1,354.12 $11,819.70 0 0 0 0 0 18,510 0 0 0 0 0 0
 $0.00 $801.87 $7,312.85 0 0 0 0 0 10,641 0 0 0 0 0 0
 $0.00 $841.65 $7,533.58 0 0 0 0 0 11,507 0 0 0 0 0 0
 $0.00 $616.49 $5,586.73 0 0 0 0 0 8,343 0 0 0 0 0 0
 $0.00 $67.32 $16,503.32 15,822 4,853 43,713 -881 63,507 0 168 379 253 187 379 288
 $10,218.81 $110.57 $26,882.30 18,169 0 56,030 7,107 81,306 0 182 447 308 0 447 378
 $10,742.74 $114.98 $31,606.21 19,363 0 60,634 4,548 84,545 0 143 591 357 0 591 452
 $13,108.37 $161.10 $35,978.42 26,749 0 74,319 17,384 118,452 0 190 625 388 0 625 481
 $16,522.66 $188.40 $39,310.67 34,172 0 104,355 0 138,527 0 214 646 401 0 646 0
 $15,809.01 $182.73 $37,898.68 32,330 0 104,659 0 136,989 0 217 630 338 0 630 0
 $15,416.41 $179.09 $39,212.30 34,489 0 113,519 0 148,008 0 232 637 412 0 637 0
 $14,196.20 $163.54 $37,509.28 33,605 0 101,553 0 135,158 0 214 633 392 0 633 0
 $13,003.77 $132.06 $31,819.83 28,744 3,160 77,244 0 109,148 0 225 486 486 379 443 0
 $30,251.93 $170.81 $66,265.13 34,187 22,958 84,027 0 141,172 0 189 746 703 721 746 0
 $14,456.37 $84.85 $38,219.58 13,954 11,106 45,066 0 70,126 0 138 510 307 510 464 0
 $7,223.25 $30.21 $18,440.35 10,197 661 14,104 0 24,962 0 121 207 207 191 182 0
 $10,961.11 $59.96 $27,424.86 11,847 5,310 33,050 -744 49,463 0 147 336 336 248 300 291
 $6,745.38 $85.11 $22,768.44 9,438 0 54,238 6,088 69,764 0 147 474 192 0 447 474
 $7,399.80 $91.08 $22,973.04 11,685 0 56,650 6,315 74,650 0 167 448 254 0 448 373
 $8,823.43 $113.55 $26,685.87 18,947 0 67,832 10,921 97,700 0 202 484 220 0 484 418
 $5,484.37 $86.85 $27,855.32 23,399 0 90,880 0 114,279 0 227 503 232 0 503 0
 $5,690.71 $90.98 $27,084.00 23,373 0 96,333 0 119,706 0 235 510 232 0 510 0
 $6,257.42 $95.65 $26,869.62 28,712 0 97,139 0 125,851 0 257 489 365 0 489 0
 $6,905.65 $101.49 $27,343.94 38,124 0 95,421 0 133,545 0 295 452 366 0 452 0
 $5,519.18 $433.74 $70,697.89 29,203 0 76,936 0 106,139 0 214 496 425 0 496 0
 $1,976.77 -$335.37 -$41,502.53 6,338 2,764 14,196 0 23,298 0 46 507 439 454 507 0
 $0.00 $64.49 $32,841.06 39,250 24,940 75,999 0 140,189 0 233 601 527 601 541 0
 $10,596.34 $68.23 $33,055.01 18,911 15,778 55,094 0 89,783 0 201 447 345 447 396 0
 $5,575.78 $32.44 $21,514.08 6,800 6,066 29,694 0 42,560 0 111 382 199 289 382 0
 $5,612.18 $32.28 $20,339.57 7,490 4,806 32,173 -2,004 42,465 0 123 344 234 325 344 125
 $2,678.73 $35.69 $13,372.10 8,514 0 44,421 -5,977 46,958 0 162 290 231 0 290 264
 $1,351.36 $29.14 $13,720.94 0 1,758 36,627 0 38,385 0 108 355 0 282 355 0
 $0.00 $15.67 $9,945.91 0 3,345 30,654 0 33,999 0 121 282 0 196 282 0
 $1,499.66 $35.70 $10,257.78 0 9,596 35,497 0 45,093 0 197 229 0 217 229 0
 $2,134.15 $47.87 $11,924.53 0 18,071 41,686 0 59,757 0 244 245 0 195 245 0
 $3,082.14 $59.97 $13,389.71 0 20,392 46,246 0 66,638 0 258 258 0 199 258 0
 $4,582.98 $75.71 $16,067.31 2,387 26,459 55,324 0 84,170 0 320 263 198 224 263 0
 $0.00 $55.38 $14,292.94 13,062 19,869 59,359 0 92,290 0 325 284 280 284 241 0
 $9,923.99 $77.79 $27,109.72 15,131 22,586 48,710 0 86,427 0 214 403 289 298 403 0
 $10,078.89 $65.94 $27,680.24 9,184 18,014 46,065 0 73,263 0 149 492 358 354 492 0
 $4,892.50 $33.25 $15,128.30 -3,835 6,281 34,500 0 36,946 0 150 246 214 197 246 0
 $8,019.83 $50.52 $20,550.86 7,059 12,546 36,523 0 56,128 0 186 302 302 256 271 0
 $5,252.81 $53.94 $14,573.91 4,485 13,026 42,073 0 59,584 0 329 181 147 181 155 0
 $4,001.57 $74.18 $15,020.90 0 24,488 53,632 0 78,120 0 258 303 0 210 303 0
 $0.00 $80.36 $16,388.94 0 62,559 61,068 0 123,627 0 265 466 0 466 407 0
 $7,190.80 $125.17 $23,702.26 0 68,360 63,399 0 131,759 0 299 441 0 441 436 0
 $7,574.28 $133.53 $24,321.28 0 67,052 73,509 0 140,561 0 295 476 0 476 456 0
 $7,654.97 $133.98 $24,372.91 0 70,630 70,402 0 141,032 0 313 450 0 450 427 0
 $9,309.70 $136.79 $26,932.78 7,588 70,146 66,290 0 144,024 0 302 477 397 477 398 0
 $0.00 $107.11 $25,730.82 51,784 42,187 71,093 0 165,064 0 267 619 619 566 424 0
 $27,639.59 $174.97 $59,961.15 63,167 50,315 72,656 0 186,138 0 229 813 813 728 486 0
 $23,423.76 $149.56 $51,103.14 53,268 40,520 65,318 0 159,106 0 231 690 690 646 514 0
 $15,214.32 $117.48 $33,413.03 35,163 27,815 61,996 0 124,974 0 292 428 428 375 378 0
 $0.00 $86.44 $23,573.71 42,179 34,829 58,047 0 135,055 0 224 602 602 519 486 0
 $0.00 $88.09 $18,946.16 35,744 40,989 61,084 0 137,817 0 311 443 443 406 393 0
 $0.00 $83.63 $19,208.26 0 69,647 63,100 0 132,747 0 197 674 0 674 371 0
 $0.00 $78.02 $13,626.44 0 63,774 60,378 0 124,152 0 309 402 0 383 402 0
 $0.00 $78.10 $14,006.52 0 66,183 61,855 0 128,038 0 292 439 0 433 439 0
 $0.00 $82.09 $13,340.32 0 62,202 72,360 0 134,562 0 320 420 0 420 413 0
 $7,089.06 $120.56 $21,600.93 0 68,644 65,307 0 133,951 0 311 431 0 431 429 0
 $9,580.53 $135.15 $26,769.14 7,333 69,563 73,275 0 150,171 0 296 507 453 507 390 0
 $0.00 $389.33 $4,289.78 0 0 0 0 0 4,589 0 0 0 0 0 0
 $0.00 $588.63 $5,792.00 0 0 0 0 0 6,938 0 0 0 0 0 0
 $0.00 $1,136.85 $10,361.14 0 0 0 0 0 13,400 0 0 0 0 0 0
 $0.00 $1,461.80 $14,203.09 0 0 0 0 0 17,230 0 0 0 0 0 0
 $0.00 $1,698.16 $16,251.05 0 0 0 0 0 20,016 0 0 0 0 0 0
 $0.00 $1,278.14 $13,898.68 0 0 0 0 0 16,628 0 0 0 0 0 0
 $0.00 $1,008.16 $13,792.54 0 0 0 0 0 16,164 0 0 0 0 0 0
 $0.00 $726.36 $9,883.08 0 0 0 0 0 11,646 0 0 0 0 0 0
 $0.00 $241.44 $3,907.28 0 0 0 0 0 3,871 0 0 0 0 0 0
 $0.00 $136.78 $2,242.73 0 0 0 0 0 2,193 0 0 0 0 0 0
 $0.00 $132.67 $2,162.05 0 0 0 0 0 2,127 0 0 0 0 0 0
 $0.00 $119.62 $1,913.51 0 0 0 0 0 1,918 0 0 0 0 0 0
 $0.00 $222.11 $3,501.74 0 0 0 0 0 3,561 0 0 0 0 0 0
 $0.00 $474.81 $6,155.28 0 0 0 0 0 7,613 0 0 0 0 0 0
 $0.00 $519.17 $6,932.78 0 0 0 0 0 8,324 0 0 0 0 0 0
 $0.00 $734.27 $10,216.88 0 0 0 0 0 11,773 0 0 0 0 0 0
 $0.00 $881.03 $11,914.52 0 0 0 0 0 14,126 0 0 0 0 0 0
 $0.00 $1,060.92 $12,665.49 0 0 0 0 0 15,818 0 0 0 0 0 0
 $0.00 $1,207.31 $11,697.41 0 0 0 0 0 15,788 0 0 0 0 0 0
 $0.00 $617.94 $6,418.87 0 0 0 0 0 8,081 0 0 0 0 0 0
 $0.00 $528.71 $5,151.54 0 0 0 0 0 6,914 0 0 0 0 0 0
 $0.00 $223.75 $2,608.08 0 0 0 0 0 2,926 0 0 0 0 0 0
 $0.00 $146.27 $1,731.75 0 0 0 0 0 1,913 0 0 0 0 0 0
 $0.00 $149.96 $1,769.20 0 0 0 0 0 1,961 0 0 0 0 0 0
 $0.00 $332.48 $3,760.31 0 0 0 0 0 4,348 0 0 0 0 0 0
 $0.00 $476.55 $4,845.24 0 0 0 0 0 6,232 0 0 0 0 0 0
 $0.00 $667.20 $6,494.80 0 0 0 0 0 8,725 0 0 0 0 0 0
 $0.00 $521.99 $5,920.06 0 0 0 0 0 6,826 0 0 0 0 0 0
 $0.00 $430.69 $4,861.03 0 0 0 0 0 5,632 0 0 0 0 0 0
 $0.00 $443.41 $5,245.93 0 0 0 0 0 6,271 0 0 0 0 0 0
 $0.00 $504.52 $6,601.30 0 0 0 0 0 8,608 0 0 0 0 0 0
 $0.00 $534.64 $6,556.47 0 0 0 0 0 9,122 0 0 0 0 0 0
 $0.00 $180.01 $2,598.07 0 0 0 0 0 3,071 0 0 0 0 0 0
 $0.00 $45.48 $707.11 0 0 0 0 0 776 0 0 0 0 0 0
 $0.00 $34.76 $552.30 0 0 0 0 0 593 0 0 0 0 0 0
 $0.00 $37.99 $595.38 0 0 0 0 0 648 0 0 0 0 0 0
 $0.00 $41.50 $651.18 0 0 0 0 0 708 0 0 0 0 0 0
 $0.00 $48.94 $749.21 0 0 0 0 0 835 0 0 0 0 0 0
 $0.00 $240.88 $3,561.65 0 0 0 0 0 4,110 0 0 0 0 0 0
 $0.00 $515.48 $6,561.87 0 0 0 0 0 8,795 0 0 0 0 0 0
 $0.00 $809.11 $8,945.87 0 0 0 0 0 13,805 0 0 0 0 0 0
 $0.00 $1,022.50 $11,633.06 0 0 0 0 0 19,123 0 0 0 0 0 0
 $0.00 $575.16 $8,236.87 0 0 0 0 0 13,317 0 0 0 0 0 0
 $0.00 $324.52 $5,041.48 0 0 0 0 0 7,514 0 0 0 0 0 0
 $0.00 $252.58 $3,788.17 0 0 0 0 0 5,848 0 0 0 0 0 0
 $0.00 $88.71 $1,528.97 0 0 0 0 0 2,054 0 0 0 0 0 0
 $0.00 $56.74 $1,011.96 0 0 0 0 0 1,314 0 0 0 0 0 0
 $0.00 $30.62 $599.84 0 0 0 0 0 709 0 0 0 0 0 0
 $0.00 $74.80 $1,361.82 0 0 0 0 0 1,732 0 0 0 0 0 0
 $0.00 $176.05 $3,094.15 0 0 0 0 0 4,076 0 0 0 0 0 0
 $0.00 $282.56 $4,430.71 0 0 0 0 0 6,542 0 0 0 0 0 0
 $0.00 $430.58 $6,699.88 0 0 0 0 0 9,970 0 0 0 0 0 0
 $0.00 $465.37 $7,132.14 0 0 0 0 0 10,775 0 0 0 0 0 0
 $0.00 $264.56 $4,596.42 0 0 0 0 0 6,167 0 0 0 0 0 0
 $0.00 $241.39 $4,191.50 0 0 0 0 0 5,704 0 0 0 0 0 0
 $0.00 $240.50 $4,001.42 0 0 0 0 0 5,683 0 0 0 0 0 0
 $0.00 $69.46 $2,963.83 1,238 958 2,977 0 5,173 0 82 63 55 63 63 0
 $974.14 $43.39 $2,825.57 1,360 120 2,911 1,135 5,527 0 44 126 126 19 25 29
 $821.30 $93.40 $4,806.30 1,711 0 2,048 966 4,724 0 38 125 125 0 123 23
 $462.96 $25.51 $1,551.22 1,105 0 1,813 1,041 3,958 0 155 26 26 0 21 24
 $1,631.00 $99.95 $5,895.83 5,849 0 3,910 257 10,016 0 73 137 137 0 126 26
 $1,998.72 $101.65 $6,335.66 8,606 0 3,575 0 12,181 0 88 138 138 0 122 0
 $1,418.31 $96.47 $5,534.10 5,687 0 3,863 0 9,550 0 72 132 132 0 132 0
 $1,938.77 $108.52 $6,569.09 8,829 0 4,957 0 13,786 0 96 143 143 0 134 0
 $1,511.34 $101.97 $5,862.05 5,612 0 5,030 0 10,642 0 77 139 139 0 133 0
 $3,821.32 $148.55 $10,159.39 3,897 1,416 3,581 0 8,894 0 64 140 140 129 26 0
 $3,831.34 $153.16 $10,366.24 3,721 1,103 2,503 0 7,327 0 55 134 134 125 20 0
 $1,153.94 $43.55 $3,011.92 956 716 2,480 0 4,153 0 120 35 35 14 19 0
 $979.24 $36.51 $2,537.10 1,134 789 2,554 0 4,478 0 163 28 21 28 19 0
 $761.35 $81.76 $4,249.79 1,259 125 2,686 1,218 5,287 0 44 120 120 69 31 30
 $681.95 $82.89 $4,218.63 1,289 0 2,172 931 4,392 0 36 121 121 0 32 45
 $799.90 $83.43 $4,359.55 1,720 0 2,805 1,060 5,586 0 47 120 120 0 103 24
 $764.59 $97.81 $4,937.79 4,844 0 3,499 92 8,436 0 66 128 128 0 54 12
 $824.31 $105.18 $5,312.14 6,220 0 3,767 0 9,986 0 75 134 134 0 55 0
 $639.64 $85.68 $4,295.63 3,620 0 3,781 0 7,401 0 55 134 134 0 31 0
 $836.31 $91.55 $4,742.45 6,485 0 3,789 0 10,274 0 79 129 129 0 123 0
 $696.10 $113.85 $4,753.15 4,492 0 3,841 0 8,333 0 59 140 140 0 131 0
 $2,417.16 $187.47 $7,908.68 3,364 1,150 2,674 0 7,188 0 53 136 136 132 31 0
 $2,407.88 $187.75 $7,944.92 2,860 842 1,571 0 5,273 0 42 125 125 119 13 0
 $1,940.26 $79.55 $3,356.01 1,038 514 1,481 0 3,033 0 26 118 118 31 11 0
 $395.08 $32.85 $1,358.56 748 653 2,029 0 3,429 0 244 14 13 14 13 0
 $479.97 $91.40 $3,820.50 1,790 115 3,558 878 6,341 0 52 122 122 59 119 13
 $470.21 $94.18 $3,950.32 2,388 0 2,399 634 5,420 0 43 125 125 0 120 13
 $523.82 $94.39 $3,951.61 3,392 0 2,180 501 6,073 0 50 121 121 0 121 6
 $129.70 $73.86 $3,108.00 0 1,644 1,832 0 3,476 0 30 116 0 116 8 0
 $91.29 $15.50 $629.40 0 923 1,652 0 2,575 0 268 10 0 10 7 0
 $112.10 $13.84 $560.18 0 745 1,677 0 2,422 0 379 6 0 6 6 0
 $267.35 $72.08 $3,012.13 0 3,543 1,526 0 5,068 0 44 115 0 115 6 0
 $2,129.10 $143.96 $6,093.06 889 1,256 1,801 0 3,946 0 35 113 113 113 8 0
 $234.59 $17.79 $724.82 440 523 1,764 0 2,727 0 473 6 5 6 6 0
 $260.71 $19.57 $798.01 519 585 1,824 0 2,928 0 416 7 6 6 7 0
 $231.68 $18.12 $739.28 428 491 1,777 0 2,696 0 421 6 5 6 6 0
 $229.14 $17.09 $699.26 420 468 1,499 0 2,387 0 414 6 6 6 6 0
 $268.29 $19.61 $799.59 486 559 1,933 0 2,979 0 466 6 6 6 6 0
 $145.84 $14.64 $591.54 38 909 1,687 0 2,634 0 374 7 4 6 7 0
 $125.29 $12.93 $522.06 0 954 1,426 0 2,381 0 372 6 0 6 6 0
 $460.83 $83.24 $3,447.36 0 4,567 3,810 0 8,377 0 74 114 0 114 112 0
 $654.96 $91.56 $3,768.27 0 8,838 2,228 0 11,065 0 98 113 0 113 37 0
 $442.60 $78.64 $3,259.97 0 5,532 2,102 0 7,635 0 68 112 0 112 108 0
 $692.98 $92.12 $3,782.51 0 9,035 2,786 0 11,821 0 103 115 0 115 112 0
 $2,242.35 $139.58 $5,863.90 761 3,539 3,007 0 7,306 0 64 115 111 113 115 0
 $972.65 $96.58 $4,040.59 648 3,212 2,560 0 6,421 0 56 115 12 115 112 0
 $824.37 $88.57 $3,710.66 611 2,625 2,234 0 5,470 0 50 110 7 110 81 0
 $280.82 $19.08 $773.66 506 610 2,117 0 3,233 0 505 6 6 6 6 0
 $636.19 $74.07 $3,115.24 503 767 2,316 0 3,586 0 33 109 6 109 108 0
 $274.41 $18.26 $740.71 529 604 1,923 0 3,056 0 477 6 6 6 6 0
 $195.99 $16.76 $672.00 86 1,233 2,146 0 3,465 0 416 8 6 8 7 0
 $212.68 $63.14 $2,643.26 0 1,955 2,099 0 4,054 0 36 111 0 111 8 0
 $384.17 $70.01 $2,899.92 0 4,552 2,430 0 6,982 0 62 113 0 113 111 0
 $469.89 $72.21 $2,977.44 0 6,340 1,943 0 8,282 0 76 109 0 109 7 0
 $345.36 $68.43 $2,842.38 0 4,286 1,926 0 6,212 0 56 110 0 110 7 0
 $327.00 $67.71 $2,816.30 0 3,750 2,234 0 5,984 0 55 109 0 109 8 0
 $2,249.00 $138.94 $5,829.52 1,064 4,292 2,788 0 8,145 0 72 113 111 113 113 0
 $0.00 $88.98 $20,771.74 22,635 6,517 54,356 434 83,942 0 177 474 392 353 474 369
 $13,430.77 $143.01 $32,005.61 27,079 0 70,900 7,172 105,151 0 217 484 442 0 432 484
 $10,853.91 $109.37 $29,298.82 23,523 0 65,488 -8,561 80,450 0 157 511 511 0 500 480
 $0.00 $122.17 $19,177.35 32,064 0 75,818 7,378 115,260 0 214 538 475 0 538 494
 $15,571.26 $168.27 $34,131.15 41,006 0 82,718 0 123,724 0 245 504 504 0 481 0
 $15,249.40 $168.13 $33,473.82 37,649 0 87,649 0 125,298 0 243 515 460 0 515 0
 $14,160.31 $155.70 $34,175.19 39,820 0 88,856 0 128,676 0 245 526 526 0 458 0
 $14,144.22 $153.34 $34,295.97 43,857 0 82,867 0 126,724 0 242 524 524 0 436 0
 $14,014.12 $137.06 $34,766.49 34,067 2,496 76,713 0 113,276 0 213 532 532 264 454 0
 $28,165.90 $150.01 $63,551.07 34,974 16,637 72,362 0 123,973 0 176 706 706 533 595 0
 $16,967.57 $65.87 $44,303.90 11,691 4,491 38,262 0 54,444 0 96 569 569 276 451 0
 $8,019.57 $4.03 $26,294.82 2,982 -6,240 6,586 0 3,328 0 8 415 384 220 415 0
 $11,211.02 $31.57 $32,202.17 9,725 -1,620 20,896 -2,987 26,014 0 53 494 494 289 377 263
 $6,296.91 $58.47 $20,677.00 10,668 0 47,866 -10,606 47,928 0 107 448 448 0 393 354
 $6,520.42 $62.29 $21,296.19 12,324 0 50,063 -11,298 51,089 0 112 457 379 0 457 409
 $0.00 $67.11 $15,833.91 23,425 0 55,201 -2,090 76,536 0 159 480 480 0 441 411
 $5,437.53 $72.48 $25,209.72 33,523 0 61,849 0 95,372 0 209 456 444 0 456 0
 $6,823.54 $100.86 $28,960.56 34,901 0 97,812 0 132,713 0 277 479 395 0 479 0
 $6,872.54 $101.71 $27,692.30 33,713 0 100,114 0 133,827 0 285 470 466 0 470 0
 $8,688.42 $129.83 $32,877.68 42,151 0 128,668 0 170,819 0 339 504 504 0 475 0
 $9,167.32 $122.34 $36,408.13 37,101 3,911 119,966 0 160,978 0 250 643 540 555 643 0
 $20,943.89 $142.81 $61,026.05 37,475 34,795 115,640 0 187,910 0 275 683 683 653 630 0
 $15,793.95 $104.43 $46,856.86 26,646 23,993 86,778 0 137,417 0 232 592 521 590 592 0
 $7,860.05 $31.41 $25,001.36 11,831 1,067 28,430 0 41,328 0 112 368 368 188 364 0
 $7,683.22 $37.12 $25,229.75 11,744 2,732 36,627 -2,267 48,836 0 126 389 389 198 355 166
 $3,846.49 $40.29 $18,185.59 14,705 0 54,724 -16,413 53,016 0 122 435 435 0 416 218
 $1,145.37 $24.84 $16,463.94 0 -6,880 39,612 0 32,732 0 67 491 0 491 459 0
 $0.00 $20.53 $14,714.88 0 8,786 35,660 0 44,446 0 99 451 0 451 382 0
 $2,526.53 $58.20 $16,175.98 0 21,193 52,471 0 73,664 0 201 367 0 367 354 0
 $3,174.19 $70.26 $17,511.31 0 29,065 58,621 0 87,686 0 242 363 0 363 320 0
 $4,426.83 $86.37 $18,540.42 0 28,636 67,338 0 95,974 0 267 360 0 360 336 0
 $5,161.71 $83.46 $20,264.86 2,056 33,125 57,598 0 92,779 0 226 410 219 410 335 0
 $0.00 $53.96 $17,327.96 9,540 20,639 59,752 0 89,931 0 214 420 314 377 420 0
 $11,988.36 $82.88 $31,635.11 14,107 24,926 53,058 0 92,091 0 201 459 391 419 459 0
 $12,113.02 $72.18 $31,112.62 4,483 23,716 52,003 0 80,202 0 167 481 473 451 481 0
 $1,847.99 $25.53 $13,452.50 -23,070 10,126 41,310 0 28,366 0 77 367 73 367 357 0
 $5,583.15 $41.04 $19,072.41 -3,709 15,225 34,088 0 45,604 0 120 381 177 381 357 0
 $3,628.70 $15.19 $17,586.75 -13,723 1,548 28,946 0 16,771 0 34 488 191 488 403 0
 $2,191.12 $46.21 $12,751.47 0 -2,198 50,882 0 48,684 0 138 354 0 351 354 0
 $0.00 $65.00 $14,477.84 0 39,095 60,898 0 99,993 0 236 424 0 411 424 0
 $6,776.86 $120.10 $22,947.60 0 58,162 68,256 0 126,418 0 289 437 0 430 437 0
 $8,135.47 $145.22 $25,956.28 0 66,732 86,138 0 152,870 0 325 471 0 471 427 0
 $8,736.21 $154.69 $26,515.98 0 75,362 87,469 0 162,831 0 364 447 0 447 438 0
 $9,664.72 $148.34 $29,460.08 5,612 70,714 79,884 0 156,210 0 286 547 367 547 493 0
 $0.00 $100.48 $24,024.74 30,189 44,175 80,482 0 154,846 0 265 584 446 584 440 0
 $20,930.35 $155.33 $49,624.65 32,758 49,676 82,812 0 165,246 0 212 781 549 781 532 0
 $14,563.64 $117.43 $36,441.94 16,572 35,021 73,324 0 124,917 0 212 589 379 589 498 0
 $8,684.22 $73.82 $24,682.43 -5,326 15,906 67,944 0 78,524 0 168 468 295 468 439 0
 $0.00 $37.69 $15,366.61 -8,388 15,750 51,525 0 58,887 0 121 486 235 486 432 0
 $0.00 $53.45 $16,564.78 3,198 23,230 57,159 0 83,587 0 181 462 375 462 382 0
 $0.00 $50.19 $12,432.82 0 24,892 54,772 0 79,664 0 181 440 0 440 397 0
 $0.00 $66.18 $13,039.85 0 43,558 61,814 0 105,372 0 254 415 0 410 415 0
 $0.00 $79.06 $14,222.72 0 59,930 69,683 0 129,613 0 291 446 0 446 433 0
 $0.00 $82.59 $13,965.61 0 54,417 80,977 0 135,394 0 316 429 0 410 429 0
 $7,301.93 $125.79 $22,067.31 0 65,304 74,470 0 139,774 0 326 429 0 429 419 0
 $9,177.51 $137.48 $27,548.08 3,988 63,341 85,418 0 152,747 0 272 561 381 561 482 0
 $0.00 $311.03 $3,596.55 0 0 0 0 0 3,666 0 0 0 0 0 0
 $0.00 $790.12 $7,304.38 0 0 0 0 0 9,313 0 0 0 0 0 0
 $0.00 $1,209.98 $11,023.85 0 0 0 0 0 14,262 0 0 0 0 0 0
 $0.00 $1,466.98 $14,252.10 0 0 0 0 0 17,291 0 0 0 0 0 0
 $0.00 $1,302.98 $12,831.33 0 0 0 0 0 15,358 0 0 0 0 0 0
 $0.00 $1,040.18 $11,719.30 0 0 0 0 0 13,661 0 0 0 0 0 0
 $0.00 $868.26 $12,115.15 0 0 0 0 0 13,921 0 0 0 0 0 0
 $0.00 $548.79 $7,822.94 0 0 0 0 0 8,799 0 0 0 0 0 0
 $0.00 $188.74 $3,067.97 0 0 0 0 0 3,026 0 0 0 0 0 0
 $0.00 $176.82 $2,889.01 0 0 0 0 0 2,835 0 0 0 0 0 0
 $0.00 $145.45 $2,349.71 0 0 0 0 0 2,332 0 0 0 0 0 0
 $0.00 $156.79 $2,494.53 0 0 0 0 0 2,514 0 0 0 0 0 0
 $0.00 $192.41 $3,036.40 0 0 0 0 0 3,085 0 0 0 0 0 0
 $0.00 $494.97 $6,355.27 0 0 0 0 0 7,936 0 0 0 0 0 0
 $0.00 $550.23 $7,295.80 0 0 0 0 0 8,822 0 0 0 0 0 0
 $0.00 $734.84 $10,223.41 0 0 0 0 0 11,782 0 0 0 0 0 0
 $0.00 $812.06 $11,113.54 0 0 0 0 0 13,020 0 0 0 0 0 0
 $0.00 $761.78 $9,468.11 0 0 0 0 0 11,279 0 0 0 0 0 0
 $0.00 $857.53 $8,762.71 0 0 0 0 0 11,214 0 0 0 0 0 0
 $0.00 $501.79 $5,462.52 0 0 0 0 0 6,562 0 0 0 0 0 0
 $0.00 $431.97 $4,453.91 0 0 0 0 0 5,649 0 0 0 0 0 0
 $0.00 $286.69 $3,325.68 0 0 0 0 0 3,749 0 0 0 0 0 0
 $0.00 $193.08 $2,261.63 0 0 0 0 0 2,525 0 0 0 0 0 0
 $0.00 $128.61 $1,524.50 0 0 0 0 0 1,682 0 0 0 0 0 0
 $0.00 $277.12 $3,240.82 0 0 0 0 0 3,624 0 0 0 0 0 0
 $0.00 $477.09 $4,849.13 0 0 0 0 0 6,239 0 0 0 0 0 0
 $0.00 $814.94 $7,648.50 0 0 0 0 0 10,657 0 0 0 0 0 0
 $0.00 $700.00 $7,355.74 0 0 0 0 0 9,154 0 0 0 0 0 0
 $0.00 $896.69 $8,544.31 0 0 0 0 0 11,726 0 0 0 0 0 0
 $0.00 $470.76 $5,553.04 0 0 0 0 0 6,780 0 0 0 0 0 0
 $0.00 $567.53 $7,219.09 0 0 0 0 0 9,683 0 0 0 0 0 0
 $0.00 $142.43 $2,281.43 0 0 0 0 0 2,430 0 0 0 0 0 0
 $0.00 $267.44 $3,647.57 0 0 0 0 0 4,563 0 0 0 0 0 0
 $0.00 $234.51 $3,355.38 0 0 0 0 0 4,001 0 0 0 0 0 0
 $0.00 $259.12 $3,563.26 0 0 0 0 0 4,421 0 0 0 0 0 0
 $0.00 $173.19 $2,497.41 0 0 0 0 0 2,955 0 0 0 0 0 0
 $0.00 $212.16 $3,042.28 0 0 0 0 0 3,620 0 0 0 0 0 0
 $0.00 $225.81 $3,231.80 0 0 0 0 0 3,853 0 0 0 0 0 0
 $0.00 $375.80 $4,812.93 0 0 0 0 0 6,412 0 0 0 0 0 0
 $0.00 $576.13 $7,119.04 0 0 0 0 0 9,830 0 0 0 0 0 0
 $0.00 $765.50 $8,542.02 0 0 0 0 0 13,061 0 0 0 0 0 0
 $0.00 $871.69 $10,190.37 0 0 0 0 0 16,446 0 0 0 0 0 0
 $0.00 $594.38 $8,467.28 0 0 0 0 0 13,762 0 0 0 0 0 0
 $0.00 $369.14 $5,511.63 0 0 0 0 0 8,547 0 0 0 0 0 0
 $0.00 $284.58 $4,108.46 0 0 0 0 0 6,589 0 0 0 0 0 0
 $0.00 $171.02 $2,879.63 0 0 0 0 0 3,960 0 0 0 0 0 0
 $0.00 $180.45 $3,032.16 0 0 0 0 0 4,178 0 0 0 0 0 0
 $0.00 $194.15 $3,297.05 0 0 0 0 0 4,495 0 0 0 0 0 0
 $0.00 $200.44 $3,361.20 0 0 0 0 0 4,641 0 0 0 0 0 0
 $0.00 $314.68 $4,599.36 0 0 0 0 0 7,286 0 0 0 0 0 0
 $0.00 $465.51 $6,522.90 0 0 0 0 0 10,778 0 0 0 0 0 0
 $0.00 $642.62 $9,322.80 0 0 0 0 0 14,879 0 0 0 0 0 0
 $0.00 $801.39 $11,295.53 0 0 0 0 0 18,555 0 0 0 0 0 0
 $0.00 $618.34 $8,926.07 0 0 0 0 0 14,433 0 0 0 0 0 0
 $0.00 $453.33 $6,769.60 0 0 0 0 0 10,712 0 0 0 0 0 0
 $0.00 $369.57 $5,449.92 0 0 0 0 0 8,733 0 0 0 0 0 0
 $0.00 $5.44 $92.16 0 0 0 0 0 64 0 0 0 0 0 0
 $0.00 $14.16 $188.39 0 0 0 0 0 167 0 0 0 0 0 0
 $0.00 $26.98 $350.48 0 0 0 0 0 318 0 0 0 0 0 0
 $0.00 $44.03 $607.42 0 0 0 0 0 519 0 0 0 0 0 0
 $0.00 $40.72 $561.21 0 0 0 0 0 480 0 0 0 0 0 0
 $0.00 $27.34 $435.01 0 0 0 0 0 359 0 0 0 0 0 0
 $0.00 $32.37 $630.26 0 0 0 0 0 519 0 0 0 0 0 0
 $0.00 $12.03 $226.32 0 0 0 0 0 193 0 0 0 0 0 0
 $0.00 $2.93 $61.80 0 0 0 0 0 47 0 0 0 0 0 0
 $0.00 $1.37 $39.04 0 0 0 0 0 22 0 0 0 0 0 0
 $0.00 $0.07 $16.10 0 0 0 0 0 1 0 0 0 0 0 0
 $0.00 $0.38 $22.98 0 0 0 0 0 6 0 0 0 0 0 0
 $0.00 $15.22 $250.33 0 0 0 0 0 244 0 0 0 0 0 0
 $0.00 $12.97 $215.63 0 0 0 0 0 208 0 0 0 0 0 0
 $0.00 $13.72 $239.87 0 0 0 0 0 220 0 0 0 0 0 0
 $0.00 $20.39 $386.08 0 0 0 0 0 327 0 0 0 0 0 0
 $0.00 $27.44 $524.76 0 0 0 0 0 440 0 0 0 0 0 0
 $0.00 $25.26 $435.61 0 0 0 0 0 374 0 0 0 0 0 0
 $0.00 $27.52 $396.45 0 0 0 0 0 360 0 0 0 0 0 0
 $0.00 $22.17 $306.26 0 0 0 0 0 290 0 0 0 0 0 0
 $0.00 $6.20 $98.11 0 0 0 0 0 81 0 0 0 0 0 0
 $0.00 $0.46 $35.78 0 0 0 0 0 6 0 0 0 0 0 0
 $0.00 $0.30 $32.12 0 0 0 0 0 4 0 0 0 0 0 0
 $0.00 $0.54 $34.74 0 0 0 0 0 7 0 0 0 0 0 0
 $0.00 $6.05 $99.71 0 0 0 0 0 79 0 0 0 0 0 0
 $0.00 $10.70 $151.82 0 0 0 0 0 140 0 0 0 0 0 0
 $0.00 $17.43 $240.90 0 0 0 0 0 228 0 0 0 0 0 0
 $0.00 $32.82 $462.92 0 0 0 0 0 429 0 0 0 0 0 0
 $0.00 $40.98 $538.46 0 0 0 0 0 536 0 0 0 0 0 0
 $0.00 $23.75 $358.87 0 0 0 0 0 342 0 0 0 0 0 0
 $0.00 $18.41 $332.13 0 0 0 0 0 314 0 0 0 0 0 0
 $0.00 $7.62 $146.40 0 0 0 0 0 130 0 0 0 0 0 0
 $0.00 $1.53 $52.01 0 0 0 0 0 26 0 0 0 0 0 0
 $0.00 $1.29 $46.76 0 0 0 0 0 22 0 0 0 0 0 0
 $0.00 $10.66 $178.34 0 0 0 0 0 182 0 0 0 0 0 0
 $0.00 $10.20 $172.74 0 0 0 0 0 174 0 0 0 0 0 0
 $0.00 $0.71 $38.52 0 0 0 0 0 12 0 0 0 0 0 0
 $0.00 $0.65 $36.74 0 0 0 0 0 11 0 0 0 0 0 0
 $0.00 $16.41 $274.42 0 0 0 0 0 280 0 0 0 0 0 0
 $0.00 $16.06 $285.37 0 0 0 0 0 274 0 0 0 0 0 0
 $0.00 $41.96 $665.75 0 0 0 0 0 716 0 0 0 0 0 0
 $0.00 $53.84 $920.24 0 0 0 0 0 1,016 0 0 0 0 0 0
 $0.00 $24.12 $502.06 0 0 0 0 0 558 0 0 0 0 0 0
 $0.00 $6.62 $151.42 0 0 0 0 0 153 0 0 0 0 0 0
 $0.00 $0.80 $41.48 0 0 0 0 0 19 0 0 0 0 0 0
 $0.00 $0.00 $21.96 0 0 0 0 0 0 0 0 0 0 0 0
 $0.00 $0.05 $29.35 0 0 0 0 0 1 0 0 0 0 0 0
 $0.00 $2.42 $70.59 0 0 0 0 0 56 0 0 0 0 0 0
 $0.00 $8.43 $175.66 0 0 0 0 0 195 0 0 0 0 0 0
 $0.00 $16.89 $321.52 0 0 0 0 0 391 0 0 0 0 0 0
 $0.00 $11.97 $236.13 0 0 0 0 0 277 0 0 0 0 0 0
 $0.00 $17.54 $378.06 0 0 0 0 0 406 0 0 0 0 0 0
 $0.00 $29.03 $607.86 0 0 0 0 0 672 0 0 0 0 0 0
 $0.00 $25.52 $538.04 0 0 0 0 0 591 0 0 0 0 0 0
 $0.00 $28.48 $576.38 0 0 0 0 0 673 0 0 0 0 0 0
 $0.00 $17.47 $363.61 0 0 0 0 0 413 0 0 0 0 0 0
 $0.00 $366.90 $4,616.16 0 0 0 0 0 5,049 0 0 0 0 0 0
 $0.00 $604.98 $6,658.44 0 0 0 0 0 8,325 0 0 0 0 0 0
 $0.00 $2,626.30 $24,077.64 0 0 0 0 0 36,140 0 0 0 0 0 0
 $0.00 $6,961.71 $67,818.92 0 0 0 0 0 95,799 0 0 0 0 0 0
 $0.00 $6,162.77 $62,769.99 0 0 0 0 0 84,805 0 0 0 0 0 0
 $0.00 $9,886.02 $99,695.39 0 0 0 0 0 136,040 0 0 0 0 0 0
 $0.00 $3,994.92 $50,125.61 0 0 0 0 0 65,741 0 0 0 0 0 0
 $0.00 $1,828.67 $25,959.89 0 0 0 0 0 32,591 0 0 0 0 0 0
 $0.00 $1,468.74 $18,931.13 0 0 0 0 0 26,176 0 0 0 0 0 0
 $0.00 $384.41 $5,913.08 0 0 0 0 0 6,851 0 0 0 0 0 0
 $0.00 $296.32 $4,915.04 0 0 0 0 0 5,281 0 0 0 0 0 0
 $0.00 $99.37 $1,869.36 0 0 0 0 0 1,771 0 0 0 0 0 0
 $0.00 $53.87 $1,068.12 0 0 0 0 0 960 0 0 0 0 0 0
 $0.00 $1,079.21 $13,315.77 0 0 0 0 0 19,234 0 0 0 0 0 0
 $0.00 $2,852.58 $32,689.55 0 0 0 0 0 50,839 0 0 0 0 0 0
 $0.00 $4,090.98 $52,081.13 0 0 0 0 0 72,910 0 0 0 0 0 0
 $0.00 $4,759.53 $62,665.81 0 0 0 0 0 84,825 0 0 0 0 0 0
 $0.00 $6,613.63 $86,404.63 0 0 0 0 0 117,869 0 0 0 0 0 0
 $0.00 $2,050.91 $22,626.68 0 0 0 0 0 32,313 0 0 0 0 0 0
 $0.00 $2,042.07 $21,338.20 0 0 0 0 0 31,229 0 0 0 0 0 0
 $0.00 $4,153.57 $37,320.01 0 0 0 0 0 63,520 0 0 0 0 0 0
 $0.00 $1,505.01 $13,880.24 0 0 0 0 0 23,016 0 0 0 0 0 0
 $0.00 $1,020.40 $9,872.64 0 0 0 0 0 15,605 0 0 0 0 0 0
 $0.00 $401.36 $4,750.49 0 0 0 0 0 6,138 0 0 0 0 0 0
 $0.00 $101.74 $1,484.06 0 0 0 0 0 1,556 0 0 0 0 0 0
 $0.00 $1,380.38 $12,913.27 0 0 0 0 0 21,110 0 0 0 0 0 0
 $0.00 $6,985.81 $59,467.67 0 0 0 0 0 106,833 0 0 0 0 0 0
 $0.00 $1,295.04 $13,603.09 0 0 0 0 0 19,805 0 0 0 0 0 0
 $0.00 $1,860.41 $18,414.27 0 0 0 0 0 28,451 0 0 0 0 0 0
 $0.00 $2,121.91 $20,819.35 0 0 0 0 0 32,450 0 0 0 0 0 0
 $0.00 $2,127.39 $22,363.28 0 0 0 0 0 35,453 0 0 0 0 0 0
 $0.00 $1,778.27 $22,478.72 0 0 0 0 0 36,515 0 0 0 0 0 0
 $0.00 $1,419.75 $17,384.91 0 0 0 0 0 29,153 0 0 0 0 0 0
 $0.00 $542.14 $6,888.86 0 0 0 0 0 11,132 0 0 0 0 0 0
 $0.00 $312.59 $4,577.68 0 0 0 0 0 6,419 0 0 0 0 0 0
 $0.00 $44.36 $889.00 0 0 0 0 0 911 0 0 0 0 0 0
 $0.00 $49.82 $975.08 0 0 0 0 0 1,023 0 0 0 0 0 0
 $0.00 $36.23 $763.20 0 0 0 0 0 744 0 0 0 0 0 0
 $0.00 $44.85 $892.18 0 0 0 0 0 921 0 0 0 0 0 0
 $0.00 $522.46 $6,956.87 0 0 0 0 0 10,728 0 0 0 0 0 0
 $0.00 $2,643.82 $31,900.08 0 0 0 0 0 54,288 0 0 0 0 0 0
 $0.00 $4,011.65 $45,433.51 0 0 0 0 0 82,375 0 0 0 0 0 0
 $0.00 $3,762.63 $33,361.60 0 0 0 0 0 58,541 0 0 0 0 0 0
 $0.00 $2,987.89 $19,187.04 0 0 0 0 0 31,313 0 0 0 0 0 0
 $0.00 $4,624.54 $27,802.83 0 0 0 0 0 48,465 0 0 0 0 0 0
 $0.00 $4,018.81 $22,071.83 0 0 0 0 0 42,117 0 0 0 0 0 0
 $0.00 $1,514.60 $8,907.40 0 0 0 0 0 15,873 0 0 0 0 0 0
 $0.00 $540.95 $4,061.01 0 0 0 0 0 5,669 0 0 0 0 0 0
 $0.00 $882.43 $6,098.63 0 0 0 0 0 9,248 0 0 0 0 0 0
 $0.00 $1,461.35 $9,250.54 0 0 0 0 0 15,315 0 0 0 0 0 0
 $0.00 $7.92 $210.20 0 0 0 0 0 83 0 0 0 0 0 0
 $0.00 $0.00 $68.78 0 0 0 0 0 0 0 0 0 0 0 0
 $0.00 $0.00 $62.34 0 0 0 0 0 0 0 0 0 0 0 0
 $0.00 $0.00 $64.48 0 0 0 0 0 0 0 0 0 0 0 0
 $0.00 $0.00 $70.93 0 0 0 0 0 0 0 0 0 0 0 0
 $0.00 $1,579.16 $20,464.83 0 0 0 0 0 37,315 0 0 0 0 0 0
 $0.00 $2,568.98 $31,138.28 0 0 0 0 0 60,704 0 0 0 0 0 0
